-17.750 0.16707 -0.2970 
-17.500 0.13346 -0.6313 
-17.250 0.11784 -0.6791 
-17.000 0.11502 -0.6740 
-16.750 0.10371 -0.7079 
-16.500 0.09786 -0.7200 
-16.250 0.09067 -0.7388 
-16.000 0.08449 -0.7539 
-15.750 0.07862 -0.7688 
-15.500 0.07421 -0.7760 
-15.250 0.06907 -0.7888 
-15.000 0.06520 -0.7942 
-14.750 0.06172 -0.7981 
-14.500 0.05830 -0.8020 
-14.000 0.05246 -0.8053 
-13.750 0.04997 -0.8051 
-13.500 0.04786 -0.8023 
-13.250 0.04593 -0.7984 
-13.000 0.04408 -0.7938 
-12.750 0.04225 -0.7896 
-12.500 0.04052 -0.7851 
-12.250 0.03887 -0.7803 
-12.000 0.03724 -0.7762 
-11.750 0.03565 -0.7723 
-11.500 0.03416 -0.7684 
-11.250 0.03267 -0.7661 
-11.000 0.03122 -0.7648 
-10.750 0.02982 -0.7654 
-10.500 0.02850 -0.7684 
-10.250 0.02639 -0.7381 
-10.000 0.02422 -0.7128 
-9.750 0.02248 -0.6956 
-9.500 0.02077 -0.6609 
-9.250 0.01892 -0.6154 
-9.000 0.01747 -0.5553 
-8.750 0.01630 -0.5033 
-8.500 0.01548 -0.4776 
-8.250 0.01480 -0.4597 
-7.250 0.01245 -0.3799 
-7.000 0.01173 -0.3583 
-6.750 0.01068 -0.3378 
-6.500 0.00965 -0.3162 
-6.250 0.00951 -0.2896 
-6.000 0.00953 -0.2618 
-5.750 0.00958 -0.2338 
-5.250 0.00971 -0.1774 
-5.000 0.00979 -0.1493 
-4.750 0.00991 -0.1208 
-4.500 0.00997 -0.0925 
-4.250 0.01006 -0.0643 
-4.000 0.01032 -0.0357 
-3.750 0.01029 -0.0075 
-3.500 0.01032 0.0207 
-3.250 0.01031 0.0495 
-3.000 0.01032 0.0781 
-2.750 0.01037 0.1067 
-2.500 0.01029 0.1354 
-2.250 0.01028 0.1637 
-2.000 0.01031 0.1921 
-1.750 0.01030 0.2210 
-1.500 0.01033 0.2496 
-1.250 0.01041 0.2782 
-1.000 0.01046 0.3071 
-0.750 0.01038 0.3356 
-0.500 0.01040 0.3641 
-0.250 0.01048 0.3925 
0.000 0.01054 0.4213 
0.250 0.01057 0.4500 
0.500 0.01063 0.4788 
0.750 0.01063 0.5071 
1.000 0.01075 0.5355 
1.250 0.01078 0.5641 
1.500 0.01082 0.5926 
1.750 0.01088 0.6211 
2.000 0.01096 0.6496 
2.250 0.01105 0.6778 
2.500 0.01114 0.7062 
2.750 0.01119 0.7344 
3.000 0.01126 0.7627 
3.250 0.01133 0.7909 
3.500 0.01141 0.8189 
3.750 0.01161 0.8473 
4.000 0.01166 0.8750 
4.250 0.01174 0.9029 
4.500 0.01178 0.9304 
4.750 0.01187 0.9580 
5.000 0.01207 0.9860 
5.250 0.01215 1.0131 
5.500 0.01218 1.0399 
5.750 0.01226 1.0668 
6.000 0.01238 1.0938 
6.250 0.01254 1.1208 
6.500 0.01259 1.1469 
6.750 0.01265 1.1730 
7.000 0.01276 1.1990 
7.250 0.01290 1.2247 
7.500 0.01295 1.2500 
7.750 0.01303 1.2750 
8.000 0.01320 1.2997 
8.250 0.01324 1.3242 
8.500 0.01337 1.3476 
8.750 0.01348 1.3713 
9.000 0.01360 1.3938 
9.250 0.01375 1.4160 
9.500 0.01394 1.4358 
9.750 0.01411 1.4556 
10.000 0.01433 1.4712 
10.250 0.01440 1.4765 
10.500 0.01492 1.4888 
10.750 0.01556 1.4983 
11.000 0.01637 1.5047 
11.250 0.01734 1.5075 
11.500 0.01842 1.5095 
11.750 0.01969 1.5093 
12.000 0.02115 1.5077 
12.250 0.02286 1.5046 
12.500 0.02484 1.5004 
12.750 0.02700 1.4965 
13.000 0.02933 1.4930 
13.250 0.03196 1.4879 
13.500 0.03501 1.4799 
13.750 0.03795 1.4748 
14.000 0.04115 1.4680 
14.250 0.04462 1.4598 
14.500 0.04793 1.4542 
14.750 0.05173 1.4451 
15.000 0.05516 1.4406 
15.250 0.05921 1.4316 
15.500 0.06270 1.4282 
15.750 0.06687 1.4202 
16.000 0.07053 1.4169 
16.250 0.07473 1.4101 
16.500 0.07853 1.4070 
16.750 0.08282 1.4009 
17.000 0.08672 1.3981 